matriz inicial:                 matriz final:

1    2   3   4                  1   2   3   4
5    6   8   12                 5   6   7   8
13   9   0   7                  9   10  11  12
14   11  10  15                 13  14  15  0


0 1 2 3
4 5 6 7
8 9 10 11
12 13 14 15


[1, 2, 3, 4, 5, 6, 8, 12, 13, 0, 9, 7, 14, 11, 10, 15]
1   2   3   4
5   6   8   12
13  0   9   7
14  11  10  15

[1, 2, 3, 4, 5, 6, 0, 12, 13, 9, 8, 7, 14, 11, 10, 15]

1   2   3   4
5   6   0   12
13  9   8   7
14  11  10  15
